Mean RTT
[   0.            0.           10.70239903   23.86306933   36.75623146
   49.84221718   62.89467538   75.48118415   88.9806449   101.95625983
  114.58892163  127.69038284  140.47351632  153.72804898  166.91352837
  179.62763254  192.43485673    0.           10.70239903   23.86306933
   36.75623146   49.84221718   62.89467538   75.48118415   88.9806449
  101.95625983  114.58892163  127.69038284  140.47351632  153.72804898
  166.91352837  179.62763254  192.43485673]
Mean number of Sent ICMP Packets, first 10 minutes
[   0.     11.    149.53  141.02  132.29  123.69  115.04  106.08   96.9
   87.65   78.29   68.9    59.29   49.67   39.94   30.35   20.8    11.
  149.53  141.02  132.29  123.69  115.04  106.08   96.9    87.65   78.29
   68.9    59.29   49.67   39.94   30.35   20.8 ]

Mean number of Sent ICMP Packets, second 10 minutes
[  0.     2.41  50.23  47.14  43.93  40.73  37.45  34.34  31.06  27.9
  24.47  21.36  18.31  15.11  11.97   8.77   5.7    2.41  50.23  47.14
  43.93  40.73  37.45  34.34  31.06  27.9   24.47  21.36  18.31  15.11
  11.97   8.77   5.7 ]
