Mean RTT
[    0.             0.            10.63486914    10.86069282   192.61147301
    38.61039267   102.35195215    78.91347577   155.35491775   249.3590499
   170.05608312  2048.          2048.          2048.          2048.          2048.
  2048.             0.            10.63486914    10.86069282   192.61147301
    38.61039267   102.35195215    78.91347577   155.35491775   249.3590499
   170.05608312  2048.          2048.          2048.          2048.          2048.
  2048.        ]
Mean number of Sent ICMP Packets, first 10 minutes
[  0.    11.    27.14  72.75  60.55  47.35  61.61  47.57  48.77  43.78
  43.13  38.45  37.62  32.28  29.35  22.72  22.6   11.    27.14  72.75
  60.55  47.35  61.61  47.57  48.77  43.78  43.13  38.45  37.62  32.28
  29.35  22.72  22.6 ]

Mean number of Sent ICMP Packets, second 10 minutes
[  0.     2.27  17.96  38.23  27.12  18.05  25.4   18.09  14.73  12.71
  11.53  10.53   9.9    8.81   7.69   6.3    5.67   2.27  17.96  38.23
  27.12  18.05  25.4   18.09  14.73  12.71  11.53  10.53   9.9    8.81
   7.69   6.3    5.67]
Mean RTT
[          NaN    0.           10.63486914   10.86069282  192.61147301
   38.61039267  102.35195215   78.91347577  155.35491775  249.3590499
  170.05608312           NaN           NaN           NaN           NaN
           NaN           NaN    0.            0.            0.            0.
    0.            0.            0.            0.            0.            0.
    0.            0.            0.            0.            0.            0.        ]
Mean number of Sent ICMP Packets, first 10 minutes
[  0.    11.    27.14  72.75  60.55  47.35  61.61  47.57  48.77  43.78
  43.13  38.45  37.62  32.28  29.35  22.72  22.6    0.     0.     0.     0.
   0.     0.     0.     0.     0.     0.     0.     0.     0.     0.     0.
   0.  ]

Mean number of Sent ICMP Packets, second 10 minutes
[  0.     2.27  17.96  38.23  27.12  18.05  25.4   18.09  14.73  12.71
  11.53  10.53   9.9    8.81   7.69   6.3    5.67   0.     0.     0.     0.
   0.     0.     0.     0.     0.     0.     0.     0.     0.     0.     0.
   0.  ]
