Mean RTT
[  0.           0.          10.61972263  10.64999522  10.64198543
  10.64268966  10.64362525  10.62236144  10.66518863  10.58418312
  10.66428784  10.66449151  10.62250131  11.21022262  21.65125072
  92.34043183  99.119556     0.          10.61972263  10.64999522
  10.64198543  10.64268966  10.64362525  10.62236144  10.66518863
  10.58418312  10.66428784  10.66449151  10.62250131  11.21022262
  21.65125072  92.34043183  99.119556  ]
Mean number of Sent ICMP Packets, first 10 minutes
[  0.    11.    20.81  21.1   20.97  20.86  20.94  20.92  20.8   21.16
  20.83  21.02  21.    21.02  21.07  20.92  22.88  11.    20.81  21.1
  20.97  20.86  20.94  20.92  20.8   21.16  20.83  21.02  21.    21.02
  21.07  20.92  22.88]

Mean number of Sent ICMP Packets, second 10 minutes
[ 0.    2.39  5.72  5.5   5.54  5.47  5.54  5.52  5.67  5.65  5.71  5.64
  5.64  5.56  5.68  5.61  5.66  2.39  5.72  5.5   5.54  5.47  5.54  5.52
  5.67  5.65  5.71  5.64  5.64  5.56  5.68  5.61  5.66]
Mean RTT
[         NaN   0.          10.61972263  10.64999522  10.64198543
  10.64268966  10.64362525  10.62236144  10.66518863  10.58418312
  10.66428784  10.66449151  10.62250131  11.21022262  21.65125072
  92.34043183  99.119556     0.           0.           0.           0.           0.
   0.           0.           0.           0.           0.           0.           0.
   0.           0.           0.           0.        ]
Mean number of Sent ICMP Packets, first 10 minutes
[  0.    11.    20.81  21.1   20.97  20.86  20.94  20.92  20.8   21.16
  20.83  21.02  21.    21.02  21.07  20.92  22.88   0.     0.     0.     0.
   0.     0.     0.     0.     0.     0.     0.     0.     0.     0.     0.
   0.  ]

Mean number of Sent ICMP Packets, second 10 minutes
[ 0.    2.39  5.72  5.5   5.54  5.47  5.54  5.52  5.67  5.65  5.71  5.64
  5.64  5.56  5.68  5.61  5.66  0.    0.    0.    0.    0.    0.    0.    0.
  0.    0.    0.    0.    0.    0.    0.    0.  ]
