Mean RTT
[         NaN   0.          11.13150874  11.10270705  11.10638687
  11.10581778  11.12860396  11.13895341  11.11309204  11.10182725   0.           0.
   0.           0.           0.           0.           0.           0.           0.        ]
Mean number of Sent ICMP Packets, first 10 minutes
[  0.    11.    20.64  20.7   20.71  20.68  20.68  20.64  20.69  20.62   0.
   0.     0.     0.     0.     0.     0.     0.     0.  ]

Mean number of Sent ICMP Packets, second 10 minutes
[ 0.    2.42  5.64  5.68  5.53  5.59  5.42  5.53  5.54  5.52  0.    0.    0.
  0.    0.    0.    0.    0.    0.  ]
Mean RTT
[         NaN   0.          11.13150874  11.10270705  11.10638687
  11.10581778  11.12860396  11.13895341  11.11309204  11.10182725   0.           0.
   0.           0.           0.           0.           0.           0.           0.        ]
Mean number of Sent ICMP Packets, first 10 minutes
[  0.    11.    20.64  20.7   20.71  20.68  20.68  20.64  20.69  20.62   0.
   0.     0.     0.     0.     0.     0.     0.     0.  ]

Mean number of Sent ICMP Packets, second 10 minutes
[ 0.    2.42  5.64  5.68  5.53  5.59  5.42  5.53  5.54  5.52  0.    0.    0.
  0.    0.    0.    0.    0.    0.  ]
