Mean RTT
[         NaN   0.          11.13313283  11.16927174  30.23544358
  27.39034429  39.30398666  41.78148859  52.58378047  54.87933672   0.           0.
   0.           0.           0.           0.           0.           0.           0.        ]
Mean number of Sent ICMP Packets, first 10 minutes
[  0.    11.    31.82  50.1   45.18  34.76  34.1   29.41  22.16  22.3    0.
   0.     0.     0.     0.     0.     0.     0.     0.  ]

Mean number of Sent ICMP Packets, second 10 minutes
[  0.     2.37  20.49  30.18  24.05  19.18  19.61  17.48  11.84  10.43   0.
   0.     0.     0.     0.     0.     0.     0.     0.  ]
