Mean RTT
[          NaN    0.           11.23177502   24.73237478   38.13062944
   51.47561681   64.90750833   78.27980099   91.70861482  105.16061971
    0.            0.            0.            0.            0.            0.
    0.            0.            0.        ]
Mean number of Sent ICMP Packets, first 10 minutes
[  0.    11.    87.46  78.08  68.71  59.16  49.6   39.98  30.38  20.6    0.
   0.     0.     0.     0.     0.     0.     0.     0.  ]

Mean number of Sent ICMP Packets, second 10 minutes
[  0.     2.41  27.98  24.82  21.55  18.28  14.94  11.88   8.64   5.45   0.
   0.     0.     0.     0.     0.     0.     0.     0.  ]
