Mean RTT
[         NaN   0.          10.63299571  10.63037609  30.29368029
  24.12626748  44.01807136  42.24109635  56.20237535  55.88992913   0.           0.
   0.           0.           0.           0.           0.           0.           0.        ]
Mean number of Sent ICMP Packets, first 10 minutes
[  0.    11.    28.65  55.57  41.73  34.18  33.21  29.68  21.79  22.79   0.
   0.     0.     0.     0.     0.     0.     0.     0.  ]

Mean number of Sent ICMP Packets, second 10 minutes
[  0.     2.43  13.98  28.66  15.55  17.12  17.17  12.15   8.5    6.37   0.
   0.     0.     0.     0.     0.     0.     0.     0.  ]
Mean RTT
[         NaN   0.          10.63299571  10.63037609  30.29368029
  24.12626748  44.01807136  42.24109635  56.20237535  55.88992913   0.           0.
   0.           0.           0.           0.           0.           0.           0.        ]
Mean number of Sent ICMP Packets, first 10 minutes
[  0.    11.    28.65  55.57  41.73  34.18  33.21  29.68  21.79  22.79   0.
   0.     0.     0.     0.     0.     0.     0.     0.  ]

Mean number of Sent ICMP Packets, second 10 minutes
[  0.     2.43  13.98  28.66  15.55  17.12  17.17  12.15   8.5    6.37   0.
   0.     0.     0.     0.     0.     0.     0.     0.  ]
