Mean RTT
[         NaN   0.          10.62765142  10.64679082  10.58428315
  10.59135723  10.58036724  10.63237218  10.61824233  10.59607295   0.           0.
   0.           0.           0.           0.           0.           0.           0.        ]
Mean number of Sent ICMP Packets, first 10 minutes
[  0.    11.    20.67  20.65  20.71  20.77  20.64  20.62  20.63  20.62   0.
   0.     0.     0.     0.     0.     0.     0.     0.  ]

Mean number of Sent ICMP Packets, second 10 minutes
[ 0.    2.39  5.61  5.62  5.56  5.57  5.45  5.61  5.58  5.6   0.    0.    0.
  0.    0.    0.    0.    0.    0.  ]
Mean RTT
[         NaN   0.          10.62765142  10.64679082  10.58428315
  10.59135723  10.58036724  10.63237218  10.61824233  10.59607295   0.           0.
   0.           0.           0.           0.           0.           0.           0.        ]
Mean number of Sent ICMP Packets, first 10 minutes
[  0.    11.    20.67  20.65  20.71  20.77  20.64  20.62  20.63  20.62   0.
   0.     0.     0.     0.     0.     0.     0.     0.  ]

Mean number of Sent ICMP Packets, second 10 minutes
[ 0.    2.39  5.61  5.62  5.56  5.57  5.45  5.61  5.58  5.6   0.    0.    0.
  0.    0.    0.    0.    0.    0.  ]
