Mean RTT
[          NaN    0.           10.71090485   23.72562193   36.4985221
   49.46842964   62.33323987   75.35283103   88.17979645  101.27726096
    0.            0.            0.            0.            0.            0.
    0.            0.            0.        ]
Mean number of Sent ICMP Packets, first 10 minutes
[  0.    11.    87.31  77.97  68.69  59.22  49.65  39.94  30.32  20.68   0.
   0.     0.     0.     0.     0.     0.     0.     0.  ]

Mean number of Sent ICMP Packets, second 10 minutes
[  0.     2.25  28.13  24.91  21.63  18.47  15.13  12.08   8.76   5.54   0.
   0.     0.     0.     0.     0.     0.     0.     0.  ]
Mean RTT
[          NaN    0.           10.71090485   23.72562193   36.4985221
   49.46842964   62.33323987   75.35283103   88.17979645  101.27726096
    0.            0.            0.            0.            0.            0.
    0.            0.            0.        ]
Mean number of Sent ICMP Packets, first 10 minutes
[  0.    11.    87.31  77.97  68.69  59.22  49.65  39.94  30.32  20.68   0.
   0.     0.     0.     0.     0.     0.     0.     0.  ]

Mean number of Sent ICMP Packets, second 10 minutes
[  0.     2.25  28.13  24.91  21.63  18.47  15.13  12.08   8.76   5.54   0.
   0.     0.     0.     0.     0.     0.     0.     0.  ]
