Mean RTT
[         NaN   0.          11.14297016  11.18364702  47.59610315
  11.13592884  11.09652499  11.20282102  24.63913593  11.12260079
  11.18452528  71.13469271  59.89560155  46.7754306   38.15274616
  48.81407433  50.75406951]
Mean number of Sent ICMP Packets, first 10 minutes
[  0.    11.    42.38  30.48  35.65  22.81  31.73  30.6   27.46  25.96
  31.15  27.59  28.22  23.42  23.3   21.75  21.76]

Mean number of Sent ICMP Packets, second 10 minutes
[  0.     2.36  17.48  13.87   9.76  10.52  10.11   7.13   8.65   6.01
   6.43   6.67   8.95   6.48   9.49  10.82  10.5 ]
Mean number of Sent ICMP Packets, first 10 minutes
[  0.    11.    42.38  30.48  35.65  22.81  31.73  30.6   27.46  25.96
  31.15  27.59  28.22  23.42  23.3   21.75  21.76]

Mean number of Sent ICMP Packets, second 10 minutes
[  0.     2.36  17.48  13.87   9.76  10.52  10.11   7.13   8.65   6.01
   6.43   6.67   8.95   6.48   9.49  10.82  10.5 ]
Mean RTT
[         NaN   0.          11.14297016  11.18364702  47.59610315
  11.13592884  11.09652499  11.20282102  24.63913593  11.12260079
  11.18452528  71.13469271  59.89560155  46.7754306   38.15274616
  48.81407433  50.75406951]
Mean number of Sent ICMP Packets, first 10 minutes
[  0.    11.    42.38  30.48  35.65  22.81  31.73  30.6   27.46  25.96
  31.15  27.59  28.22  23.42  23.3   21.75  21.76]

Mean number of Sent ICMP Packets, second 10 minutes
[  0.     2.36  17.48  13.87   9.76  10.52  10.11   7.13   8.65   6.01
   6.43   6.67   8.95   6.48   9.49  10.82  10.5 ]
