Mean RTT
[          NaN    0.           11.23026221   24.60913846   38.12063023
   11.22308003   86.826143     76.47320136   92.91854062   26.78497411
   76.80993276  106.08727364  112.25451075   40.64018994   90.97377312
  110.47862083  115.99120063]
Mean number of Sent ICMP Packets, first 10 minutes
[  0.    11.    71.05  44.2   24.03  49.83  73.96  41.93  27.63  31.55
  34.89  38.83  23.43  20.63  20.66  21.08  21.65]

Mean number of Sent ICMP Packets, second 10 minutes
[  0.     2.43  38.78  20.46   7.6   32.7   36.02  15.03   9.98  14.71
  19.72  15.79   8.31   7.6    8.81   7.51   5.69]
Mean number of Sent ICMP Packets, first 10 minutes
[  0.    11.    71.05  44.2   24.03  49.83  73.96  41.93  27.63  31.55
  34.89  38.83  23.43  20.63  20.66  21.08  21.65]

Mean number of Sent ICMP Packets, second 10 minutes
[  0.     2.43  38.78  20.46   7.6   32.7   36.02  15.03   9.98  14.71
  19.72  15.79   8.31   7.6    8.81   7.51   5.69]
Mean RTT
[          NaN    0.           11.23026221   24.60913846   38.12063023
   11.22308003   86.826143     76.47320136   92.91854062   26.78497411
   76.80993276  106.08727364  112.25451075   40.64018994   90.97377312
  110.47862083  115.99120063]
Mean number of Sent ICMP Packets, first 10 minutes
[  0.    11.    71.05  44.2   24.03  49.83  73.96  41.93  27.63  31.55
  34.89  38.83  23.43  20.63  20.66  21.08  21.65]

Mean number of Sent ICMP Packets, second 10 minutes
[  0.     2.43  38.78  20.46   7.6   32.7   36.02  15.03   9.98  14.71
  19.72  15.79   8.31   7.6    8.81   7.51   5.69]
