Mean RTT
[         NaN   0.          11.12041335  11.11688723  11.13083199
  11.14277598  11.13597974  11.12263096  11.12333796  11.12793038
  11.10491051  11.09771407  11.19410494  11.13861933  11.11049487
  11.09586309  11.17274136]
Mean number of Sent ICMP Packets, first 10 minutes
[  0.    11.    20.68  20.71  20.68  20.74  20.69  20.64  20.68  20.68
  20.69  20.68  20.76  20.71  20.71  20.71  20.67]

Mean number of Sent ICMP Packets, second 10 minutes
[ 0.    2.28  5.58  5.57  5.51  5.58  5.47  5.4   5.56  5.57  5.52  5.48
  5.52  5.48  5.51  5.58  5.59]
Mean number of Sent ICMP Packets, first 10 minutes
[  0.    11.    20.68  20.71  20.68  20.74  20.69  20.64  20.68  20.68
  20.69  20.68  20.76  20.71  20.71  20.71  20.67]

Mean number of Sent ICMP Packets, second 10 minutes
[ 0.    2.28  5.58  5.57  5.51  5.58  5.47  5.4   5.56  5.57  5.52  5.48
  5.52  5.48  5.51  5.58  5.59]
Mean RTT
[         NaN   0.          11.12041335  11.11688723  11.13083199
  11.14277598  11.13597974  11.12263096  11.12333796  11.12793038
  11.10491051  11.09771407  11.19410494  11.13861933  11.11049487
  11.09586309  11.17274136]
Mean number of Sent ICMP Packets, first 10 minutes
[  0.    11.    20.68  20.71  20.68  20.74  20.69  20.64  20.68  20.68
  20.69  20.68  20.76  20.71  20.71  20.71  20.67]

Mean number of Sent ICMP Packets, second 10 minutes
[ 0.    2.28  5.58  5.57  5.51  5.58  5.47  5.4   5.56  5.57  5.52  5.48
  5.52  5.48  5.51  5.58  5.59]
