Mean RTT
[   0.            0.           11.22375097   24.74625313   38.39196525
   51.84177259   65.38433325   78.9031541    92.26783695  106.39926435
  119.84589934  132.43638653  146.1357544   160.28967778  173.73481112
  187.08828207  199.84438403    0.           11.22375097   24.74625313
   38.39196525   51.84177259   65.38433325   78.9031541    92.26783695
  106.39926435  119.84589934  132.43638653  146.1357544   160.28967778
  173.73481112  187.08828207  199.84438403]
Mean number of Sent ICMP Packets, first 10 minutes
[   0.     11.    149.09  140.49  132.    123.54  114.68  105.78   96.59
   87.49   78.09   68.69   59.17   49.57   39.9    30.18   20.76   11.
  149.09  140.49  132.    123.54  114.68  105.78   96.59   87.49   78.09
   68.69   59.17   49.57   39.9    30.18   20.76]

Mean number of Sent ICMP Packets, second 10 minutes
[  0.     2.35  50.17  46.97  43.76  40.71  37.43  34.33  31.11  27.9
  24.82  21.55  18.41  15.2   12.11   8.87   5.74   2.35  50.17  46.97
  43.76  40.71  37.43  34.33  31.11  27.9   24.82  21.55  18.41  15.2
  12.11   8.87   5.74]
