Mean RTT
[  0.           0.          11.11764508  11.12859524  11.10628374
  11.14051575  11.08869459  11.14506407  11.06766394  11.15059824
  11.18621842  11.12062326  11.20689165  11.93234138  22.44992221
  85.49117011  53.85654359   0.          11.11764508  11.12859524
  11.10628374  11.14051575  11.08869459  11.14506407  11.06766394
  11.15059824  11.18621842  11.12062326  11.20689165  11.93234138
  22.44992221  85.49117011  53.85654359]
Mean number of Sent ICMP Packets, first 10 minutes
[  0.    11.    22.19  20.93  20.72  20.8   21.31  20.79  20.7   21.4
  21.07  20.85  20.99  20.88  20.82  21.17  23.84  11.    22.19  20.93
  20.72  20.8   21.31  20.79  20.7   21.4   21.07  20.85  20.99  20.88
  20.82  21.17  23.84]

Mean number of Sent ICMP Packets, second 10 minutes
[ 0.    2.31  6.08  5.63  5.66  5.59  5.54  5.57  5.56  5.44  5.58  5.63
  5.55  5.56  5.58  5.57  5.63  2.31  6.08  5.63  5.66  5.59  5.54  5.57
  5.56  5.44  5.58  5.63  5.55  5.56  5.58  5.57  5.63]
