Mean RTT
[   0.            0.           11.10261671   11.35705615   39.56646965
   33.66597345   42.42608503   52.20725562   66.7223108    63.63064601
   76.15376575   83.28770249   90.60440891   98.10863364  105.41244333
  112.89921479  119.7526515     0.           11.10261671   11.35705615
   39.56646965   33.66597345   42.42608503   52.20725562   66.7223108
   63.63064601   76.15376575   83.28770249   90.60440891   98.10863364
  105.41244333  112.89921479  119.7526515 ]
Mean number of Sent ICMP Packets, first 10 minutes
[  0.    11.    35.16  82.06  67.84  61.52  58.01  53.66  49.32  44.17
  43.75  39.84  35.85  32.94  29.21  23.08  22.6   11.    35.16  82.06
  67.84  61.52  58.01  53.66  49.32  44.17  43.75  39.84  35.85  32.94
  29.21  23.08  22.6 ]

Mean number of Sent ICMP Packets, second 10 minutes
[  0.     2.32  25.49  52.    37.88  38.34  33.64  35.25  28.04  27.77
  18.83  19.1   14.27  13.07   9.53   7.46   6.71   2.32  25.49  52.    37.88
  38.34  33.64  35.25  28.04  27.77  18.83  19.1   14.27  13.07   9.53
   7.46   6.71]
