Mean RTT
[         NaN   0.          10.60458882  10.61223067  10.60007223
  10.63713136  10.63621843  10.58501122  10.65997066  10.65357491
  10.60940503  10.57688722  10.6205433   10.62660663  10.62196596
  10.63647879  10.59620062]
Mean number of Sent ICMP Packets, first 10 minutes
[  0.    11.    20.68  20.65  20.62  20.62  20.73  20.66  20.64  20.67
  20.69  20.74  20.7   20.67  20.82  20.68  20.69]

Mean number of Sent ICMP Packets, second 10 minutes
[ 0.    2.43  5.69  5.44  5.59  5.56  5.51  5.6   5.56  5.47  5.45  5.55
  5.52  5.61  5.38  5.63  5.57]
Mean RTT
[         NaN   0.          10.60458882  10.61223067  10.60007223
  10.63713136  10.63621843  10.58501122  10.65997066  10.65357491
  10.60940503  10.57688722  10.6205433   10.62660663  10.62196596
  10.63647879  10.59620062]
Mean number of Sent ICMP Packets, first 10 minutes
[  0.    11.    20.68  20.65  20.62  20.62  20.73  20.66  20.64  20.67
  20.69  20.74  20.7   20.67  20.82  20.68  20.69]

Mean number of Sent ICMP Packets, second 10 minutes
[ 0.    2.43  5.69  5.44  5.59  5.56  5.51  5.6   5.56  5.47  5.45  5.55
  5.52  5.61  5.38  5.63  5.57]
