Mean RTT
[           NaN     0.            10.64465301    38.40570567    78.74108585
    10.71854291    76.35696752    83.70193093   141.22206688    23.76094234
   106.1689771    129.75603097   157.13620238    38.70163331   121.66000032
  2048.          2048.        ]
Mean number of Sent ICMP Packets, first 10 minutes
[  0.    11.    53.43  31.89  21.29  54.27  76.69  36.38  20.76  30.87
  35.76  41.11  21.23  20.68  20.73  21.12  21.32]

Mean number of Sent ICMP Packets, second 10 minutes
[  0.     2.34  26.12  11.62   6.63  25.79  28.44  12.12   6.6    9.09
  12.3   12.38   6.2    5.55   5.59   6.11   5.62]
Mean RTT
[          NaN    0.           10.64465301   38.40570567   78.74108585
   10.71854291   76.35696752   83.70193093  141.22206688   23.76094234
  106.1689771   129.75603097  157.13620238   38.70163331  121.66000032
           NaN           NaN]
Mean number of Sent ICMP Packets, first 10 minutes
[  0.    11.    53.43  31.89  21.29  54.27  76.69  36.38  20.76  30.87
  35.76  41.11  21.23  20.68  20.73  21.12  21.32]

Mean number of Sent ICMP Packets, second 10 minutes
[  0.     2.34  26.12  11.62   6.63  25.79  28.44  12.12   6.6    9.09
  12.3   12.38   6.2    5.55   5.59   6.11   5.62]
Mean RTT
[          NaN    0.           10.64465301   38.40570567   78.74108585
   10.71854291   76.35696752   83.70193093  141.22206688   23.76094234
  106.1689771   129.75603097  157.13620238   38.70163331  121.66000032
           NaN           NaN]
Mean number of Sent ICMP Packets, first 10 minutes
[  0.    11.    53.43  31.89  21.29  54.27  76.69  36.38  20.76  30.87
  35.76  41.11  21.23  20.68  20.73  21.12  21.32]

Mean number of Sent ICMP Packets, second 10 minutes
[  0.     2.34  26.12  11.62   6.63  25.79  28.44  12.12   6.6    9.09
  12.3   12.38   6.2    5.55   5.59   6.11   5.62]
