Mean RTT
[           NaN     0.            10.64700684    10.64774973   194.87206112
    10.65069243    10.68220397    10.68666291    39.96834339    10.58234541
    10.64156275    86.82919364    31.21576829   153.70506764  2048.
    30.21232519    35.10807528]
Mean number of Sent ICMP Packets, first 10 minutes
[  0.    11.    25.7   26.14  24.85  23.91  31.81  29.56  20.84  24.14
  30.89  29.11  20.59  23.81  20.89  20.6   20.66]

Mean number of Sent ICMP Packets, second 10 minutes
[  0.     2.42   8.6    8.34  18.01   6.82  11.1   10.07   5.77   6.61
   9.22  32.51   6.03  22.01   5.8    5.93   5.98]
Mean RTT
[          NaN    0.           10.64700684   10.64774973  194.87206112
   10.65069243   10.68220397   10.68666291   39.96834339   10.58234541
   10.64156275   86.82919364   31.21576829  153.70506764           NaN
   30.21232519   35.10807528]
Mean number of Sent ICMP Packets, first 10 minutes
[  0.    11.    25.7   26.14  24.85  23.91  31.81  29.56  20.84  24.14
  30.89  29.11  20.59  23.81  20.89  20.6   20.66]

Mean number of Sent ICMP Packets, second 10 minutes
[  0.     2.42   8.6    8.34  18.01   6.82  11.1   10.07   5.77   6.61
   9.22  32.51   6.03  22.01   5.8    5.93   5.98]
